97472.6
96713.4
96627.3
96367.1
95974.6
95596
95274.4
95210.7
95109.1
95079.7
94938.6
94921.7
94691.6
94797
94681.8
94472.5
94524.7
94382.4
94323.4
93932.5
94066.7
94315.7
94173.5
93157.2
94433.9
93934.2
93885.5
93627
94009.1
92990
93044.1
93444.4
93557
93546.5
93593.3
91469
93315.8
93576.1
92956.9
92338.3
94392.2
94554.9
94280.9
93994.3
93519.9
93127.2
93250.7
90910
89831.2
89935.1
92019.7
93744.6
94105.1
91626.9
89549.7
89445.2
89405.3
89369.8
89190.6
88998.6
89144
89038
89048.7
89076.2
89059.4
88961.2
88973.6
89083.7
89164.6
89112.4
88992.6
88978.9
88937.8
88901.3
88991.7
88961.9
88887.4
88905.7
88275.1
89179.4
88936.4
88819
88840.7
88803.6
88694.1
88713.9
88812.3
88680.9
88760.5
88842.6
88895.8
88963.2
88768.4
88956
88797.8
88865.2
88789.6
88917.5
88779.1
88698.8
88637.9
88767
88770.6
88747.4
88798.1
88828.2
88762
88869.5
88842.9
88696.3
88788.1
88776.2
88848.7
88761.3
